"time"
265.050607
